1556581101
1971339474
1062894910
635959938
339149685
1381991984
1523773748
1164345345
1748159633
16272681
260519682
1471531661
1756515402
408775410
1790972517
1119899773
1110287180
2072374276
1768524072
757045974
24082351
1245755161
1380320610
1560657906
1049287120
834549866
171385642
1218007583
1082271774
272525282
282161216
54351492
1657035067
2017172957
406619424
1049776757
344172704
1270670989
1981295530
81060444
664205580
1301404428
511751869
1710615351
2098025558
172370491
411862290
103317076
1475871634
92176423
114705940
873955358
679505297
1302661427
615362215
1491038290
2018461806
905644761
289938840
487836291
1578653428
1303136428
1934321166
1069739011
1519542296
225867499
1478113336
203455159
1814776159
1707220160
1755407792
298981237
39846442
2059060462
1337097987
236655250
967010821
1470752805
1471535823
1094238401
2136206280
781988519
1503871224
1397749097
1314478014
541242320
330863858
768398086
591332795
1180658863
1322020093
689303380
320856935
153061814
60244872
1889317007
2029479685
1878915010
62911883
536968444
1447483409
1966837676
878003736
1106823885
349221057
630510613
958982936
1874771625
233729771
1374673056
1820989370
1924235099
1132477704
1398842439
1475102565
1690361764
19067517
951793463
952867008
27960379
203276955
1374813383
1310528662
579686812
1957952651
60956709
974598063
813025383
1426878208
1391129876
1001451406
556434524
1157682794
1414988118
193555751
1442153990
1744458335
2103589744
1146621554
1787050286
834274559
174668070
1765884898
149465039
894105259
662524913
1797879906
1201633934
675378616
1907896999
295083677
1038022510
131447311
1934811414
9667622
1660826190
21175830
201040740
1818765196
1980038530
1112140566
586140743
699917808
661481867
569718521
559545455
20091467
998726744
1285846721
14324167
817822481
2129649637
1789455750
2066234443
112541347
623040362
1941845486
732318182
357729773
864518135
1348060032
1662592500
1298430479
1760493600
176853722
389441936
958727907
1762138146
299533285
78196269
1047286111
293946132
1499267017
1506086538
1223626688
174930458
1416730181
1311642414
1129806915
60346658
127622556
743542210
1929864835
1080765656
210749057
496727763
1957353048
583655574
1438773543
1665358701
1032510951
10133686
543083331
1020517619
280301671
1307546653
252706035
566878296
274422073
1730918138
228962997
1737902412
76255811
916186465
2130504762
521128231
887830824
1184417298
1377724962
1952156926
595820968
2020870805
1636757683
1807341752
642749859
1893159893
889111764
555653236
589498486
116721166
1784870905
424387112
321387113
724797632
1413066800
151663059
324037956
510318703
796621887
95493890
1622477905
1446379584
2026845438
193278575
916836750
377263971
1753479476
996714390
672403266
658670220
1427114932
44196154
1559791690
181894031
1461471680
1710834168
1079340078
1623070964
124297671
341715725
922150120
1626630163
896942620
279251478
1847972745
2139902365
1728937593
1752639941
1925888682
1679161676
1319114393
1551080118
1952501414
318529014
1734346509
1169348621
1353367695
1058367724
190602920
537351464
1801027850
1238718562
262252300
1462637559
1279487933
62463260
1167003173
1631025821
504700698
601541876
421221047
572844319
719636807
554974371
687597540
802828939
159917540
1447139348
1032555116
503096348
430959700
1214011438
740811358
360550055
1831207663
716548495
437121265
2130013013
637837991
428485049
948097593
439210216
1120150305
841555143
856874650
556227383
1076180844
423171430
1140096524
2035220101
40208309
269994930
1961410666
236700783
1912185740
232744855
416049469
1732072052
445315181
582706832
1650362693
241508929
561145538
2139644076
474349799
615641744
154503011
1320074882
904694656
1734833601
1932756086
376981198
1475913339
505336177
171758624
1957495028
2052893148
1010576760
28356236
1169628344
1934004570
955056494
215377432
888018647
680482511
1006712098
956350309
577732364
404944349
656881466
560045637
1285514001
1595859360
554012696
1400010124
614886231
505123357
1040969727
1456076504
298878456
2138878219
537881498
