9667622
10133686
14324167
16272681
19067517
20091467
21175830
24082351
27960379
28356236
39846442
40208309
44196154
54351492
60244872
60346658
60956709
62463260
62911883
76255811
78196269
81060444
92176423
95493890
103317076
112541347
114705940
116721166
124297671
127622556
131447311
149465039
151663059
153061814
154503011
159917540
171385642
171758624
172370491
174668070
174930458
176853722
181894031
190602920
193278575
193555751
201040740
203276955
203455159
210749057
215377432
225867499
228962997
232744855
233729771
236655250
236700783
241508929
252706035
260519682
262252300
269994930
272525282
274422073
279251478
280301671
282161216
289938840
293946132
295083677
298878456
298981237
299533285
318529014
320856935
321387113
324037956
330863858
339149685
341715725
344172704
349221057
357729773
360550055
376981198
377263971
389441936
404944349
406619424
408775410
411862290
416049469
421221047
423171430
424387112
428485049
430959700
437121265
439210216
445315181
474349799
487836291
496727763
503096348
504700698
505123357
505336177
510318703
511751869
521128231
536968444
537351464
537881498
541242320
543083331
554012696
554974371
555653236
556227383
556434524
559545455
560045637
561145538
566878296
569718521
572844319
577732364
579686812
582706832
583655574
586140743
589498486
591332795
595820968
601541876
614886231
615362215
615641744
623040362
630510613
635959938
637837991
642749859
656881466
658670220
661481867
662524913
664205580
672403266
675378616
679505297
680482511
687597540
689303380
699917808
716548495
719636807
724797632
732318182
740811358
743542210
757045974
768398086
781988519
796621887
802828939
813025383
817822481
834274559
834549866
841555143
856874650
864518135
873955358
878003736
887830824
888018647
889111764
894105259
896942620
904694656
905644761
916186465
916836750
922150120
948097593
951793463
952867008
955056494
956350309
958727907
958982936
967010821
974598063
996714390
998726744
1001451406
1006712098
1010576760
1020517619
1032510951
1032555116
1038022510
1040969727
1047286111
1049287120
1049776757
1058367724
1062894910
1069739011
1076180844
1079340078
1080765656
1082271774
1094238401
1106823885
1110287180
1112140566
1119899773
1120150305
1129806915
1132477704
1140096524
1146621554
1157682794
1164345345
1167003173
1169348621
1169628344
1180658863
1184417298
1201633934
1214011438
1218007583
1223626688
1238718562
1245755161
1270670989
1279487933
1285514001
1285846721
1298430479
1301404428
1302661427
1303136428
1307546653
1310528662
1311642414
1314478014
1319114393
1320074882
1322020093
1337097987
1348060032
1353367695
1374673056
1374813383
1377724962
1380320610
1381991984
1391129876
1397749097
1398842439
1400010124
1413066800
1414988118
1416730181
1426878208
1427114932
1438773543
1442153990
1446379584
1447139348
1447483409
1456076504
1461471680
1462637559
1470752805
1471531661
1471535823
1475102565
1475871634
1475913339
1478113336
1491038290
1499267017
1503871224
1506086538
1519542296
1523773748
1551080118
1556581101
1559791690
1560657906
1578653428
1595859360
1622477905
1623070964
1626630163
1631025821
1636757683
1650362693
1657035067
1660826190
1662592500
1665358701
1679161676
1690361764
1707220160
1710615351
1710834168
1728937593
1730918138
1732072052
1734346509
1734833601
1737902412
1744458335
1748159633
1752639941
1753479476
1755407792
1756515402
1760493600
1762138146
1765884898
1768524072
1784870905
1787050286
1789455750
1790972517
1797879906
1801027850
1807341752
1814776159
1818765196
1820989370
1831207663
1847972745
1874771625
1878915010
1889317007
1893159893
1907896999
1912185740
1924235099
1925888682
1929864835
1932756086
1934004570
1934321166
1934811414
1941845486
1952156926
1952501414
1957353048
1957495028
1957952651
1961410666
1966837676
1971339474
1980038530
1981295530
2017172957
2018461806
2020870805
2026845438
2029479685
2035220101
2052893148
2059060462
2066234443
2072374276
2098025558
2103589744
2129649637
2130013013
2130504762
2136206280
2138878219
2139644076
2139902365
